# Feature Importance Research Report

_Generated by_ `src.research.feature_importance.run_research`

## Scope
- Train years: **[2022, 2023, 2024]**  (125,078 batter-game rows)
- Test (holdout): **[2025]**  (45,724 batter-game rows)
- HR rate (label=1): train=0.1174  test=0.1171
- Filters applied: starter (PA >= 2 in game) + career_pa >= 100 as of game start

### bat_speed availability
- `train_bat_speed_season_pct`: 48.2%
- `train_bat_speed_30d_pct`: 48.5%
- `test_bat_speed_season_pct`: 95.3%
- `test_bat_speed_30d_pct`: 96.3%

## Ablation -- AUC and log-loss on holdout

| Variant | Description | Model | AUC ^ | Log-loss v |
|---|---|---|---|---|
| A | blended_hr_per_pa only | logreg | 0.6034 | 0.6800 |
| A | blended_hr_per_pa only | lightgbm | 0.5980 | 0.3613 |
| B | blended + 4 'breakout' metrics (barrel, sweet_spot, pull_air, max_ev) -- 30d | logreg | 0.6157 | 0.6839 |
| B | blended + 4 'breakout' metrics (barrel, sweet_spot, pull_air, max_ev) -- 30d | lightgbm | 0.6045 | 0.3609 |
| C | all features (every Statcast metric x {season, 30d} + park + pitcher + handedness) | logreg | 0.6206 | 0.6918 |
| C | all features (every Statcast metric x {season, 30d} + park + pitcher + handedness) | lightgbm | 0.5995 | 0.3610 |

## LightGBM importance -- variant C (gain · split · mean |SHAP|)

SHAP computed on a random sample of 30,000 holdout rows (random_state fixed). `disagreement` = max-rank − min-rank across the three rankings. Disagreement >= 5 is flagged as an unstable usage signal.

| Feature | Gain | Split | Mean \|SHAP\| | Rank gain | Rank split | Rank SHAP | Disagree |
|---|---:|---:|---:|---:|---:|---:|---:|
| `barrel_pct_season` | 10994.3 | 4 | 0.0261 | 1 | 6 | 1 | 5 !! |
| `max_ev_30d` | 3196.7 | 5 | 0.0145 | 2 | 4 | 2 | 2 |
| `park_hr_factor` | 1822.3 | 8 | 0.0083 | 4 | 1 | 3 | 3 |
| `pull_air_pct_30d` | 1971.1 | 3 | 0.0075 | 3 | 7 | 4 | 4 |
| `avg_ev_season` | 1660.6 | 6 | 0.0064 | 5 | 3 | 5 | 2 |
| `pull_air_pct_season` | 1053.3 | 7 | 0.0052 | 7 | 2 | 6 | 5 !! |
| `iso_season` | 1213.3 | 3 | 0.0045 | 6 | 7 | 7 | 1 |
| `pitcher_hr_per_9` | 869.4 | 5 | 0.0034 | 8 | 4 | 8 | 4 |
| `fb_pct_season` | 513.6 | 3 | 0.0032 | 11 | 7 | 9 | 4 |
| `avg_ev_30d` | 438.3 | 2 | 0.0031 | 13 | 12 | 10 | 3 |
| `iso_30d` | 507.1 | 2 | 0.0024 | 12 | 12 | 11 | 1 |
| `bat_speed_season` | 521.0 | 2 | 0.0021 | 10 | 12 | 12 | 2 |
| `fb_pct_30d` | 415.5 | 3 | 0.0021 | 14 | 7 | 13 | 7 !! |
| `pitcher_barrel_pct_allowed` | 523.3 | 3 | 0.0020 | 9 | 7 | 14 | 7 !! |
| `hardhit_pct_season` | 289.0 | 1 | 0.0016 | 15 | 17 | 15 | 2 |
| `bat_speed_30d` | 256.5 | 2 | 0.0015 | 16 | 12 | 16 | 4 |
| `sweet_spot_pct_season` | 126.4 | 1 | 0.0007 | 18 | 17 | 17 | 1 |
| `xwobacon_30d` | 232.2 | 2 | 0.0005 | 17 | 12 | 18 | 6 !! |
| `blended_hr_per_pa` | 0.0 | 0 | 0.0000 | 19 | 19 | 19 | 0 |
| `batter_handedness` | 0.0 | 0 | 0.0000 | 19 | 19 | 19 | 0 |
| `pitcher_handedness` | 0.0 | 0 | 0.0000 | 19 | 19 | 19 | 0 |
| `platoon_advantage` | 0.0 | 0 | 0.0000 | 19 | 19 | 19 | 0 |
| `barrel_pct_30d` | 0.0 | 0 | 0.0000 | 19 | 19 | 19 | 0 |
| `sweet_spot_pct_30d` | 0.0 | 0 | 0.0000 | 19 | 19 | 19 | 0 |
| `max_ev_season` | 0.0 | 0 | 0.0000 | 19 | 19 | 19 | 0 |
| `xwobacon_season` | 0.0 | 0 | 0.0000 | 19 | 19 | 19 | 0 |
| `hardhit_pct_30d` | 0.0 | 0 | 0.0000 | 19 | 19 | 19 | 0 |

## Logistic regression coefficients -- variant C (standardized)

| Feature | Coefficient | \|Coef\| |
|---|---:|---:|
| `blended_hr_per_pa` | +0.1650 | 0.1650 |
| `park_hr_factor` | +0.1167 | 0.1167 |
| `pull_air_pct_season` | +0.0920 | 0.0920 |
| `max_ev_30d` | +0.0827 | 0.0827 |
| `max_ev_season` | +0.0825 | 0.0825 |
| `bat_speed_30d` | +0.0772 | 0.0772 |
| `iso_30d` | -0.0572 | 0.0572 |
| `barrel_pct_season` | +0.0549 | 0.0549 |
| `xwobacon_season` | -0.0453 | 0.0453 |
| `xwobacon_30d` | +0.0439 | 0.0439 |
| `avg_ev_season` | +0.0424 | 0.0424 |
| `fb_pct_30d` | +0.0401 | 0.0401 |
| `pitcher_hr_per_9` | +0.0393 | 0.0393 |
| `hardhit_pct_season` | +0.0324 | 0.0324 |
| `fb_pct_season` | +0.0296 | 0.0296 |
| `avg_ev_30d` | +0.0232 | 0.0232 |
| `pitcher_handedness` | +0.0191 | 0.0191 |
| `platoon_advantage` | +0.0179 | 0.0179 |
| `batter_handedness` | +0.0146 | 0.0146 |
| `bat_speed_season` | -0.0131 | 0.0131 |
| `sweet_spot_pct_30d` | -0.0121 | 0.0121 |
| `sweet_spot_pct_season` | -0.0083 | 0.0083 |
| `barrel_pct_30d` | -0.0069 | 0.0069 |
| `iso_season` | -0.0060 | 0.0060 |
| `pull_air_pct_30d` | -0.0033 | 0.0033 |
| `hardhit_pct_30d` | +0.0022 | 0.0022 |
| `pitcher_barrel_pct_allowed` | -0.0008 | 0.0008 |

## Univariate AUC -- each feature alone

| Feature | Univariate AUC |
|---|---:|
| `blended_hr_per_pa` | 0.6034 |
| `barrel_pct_season` | 0.6014 |
| `max_ev_30d` | 0.5955 |
| `bat_speed_season` | 0.5904 |
| `max_ev_season` | 0.5903 |
| `iso_season` | 0.5901 |
| `bat_speed_30d` | 0.5900 |
| `barrel_pct_30d` | 0.5897 |
| `hardhit_pct_season` | 0.5874 |
| `avg_ev_season` | 0.5872 |
| `xwobacon_season` | 0.5871 |
| `avg_ev_30d` | 0.5765 |
| `hardhit_pct_30d` | 0.5740 |
| `xwobacon_30d` | 0.5738 |
| `iso_30d` | 0.5731 |
| `fb_pct_season` | 0.5660 |
| `fb_pct_30d` | 0.5573 |
| `pull_air_pct_season` | 0.5564 |
| `pull_air_pct_30d` | 0.5492 |
| `sweet_spot_pct_season` | 0.5211 |
| `park_hr_factor` | 0.5174 |
| `pitcher_hr_per_9` | 0.5169 |
| `sweet_spot_pct_30d` | 0.5154 |
| `pitcher_barrel_pct_allowed` | 0.5097 |
| `pitcher_handedness` | 0.5015 |
| `platoon_advantage` | 0.4987 |
| `batter_handedness` | 0.4883 |

## Redundancy flags -- high univariate AUC, low LightGBM rank

These features have predictive power on their own but the model barely uses them -- they're likely redundant with other features already in the model. Candidates to drop.

| Feature | Univariate AUC | Rank SHAP |
|---|---:|---:|
| `blended_hr_per_pa` | 0.6034 | 19 |
| `max_ev_season` | 0.5903 | 19 |
| `bat_speed_30d` | 0.5900 | 16 |

## !! Variant B vs production breakout.py -- name mismatch

Variant B uses **{barrel, sweet_spot, pull_air, max_ev}** per the spec, but the production `breakout.py` actually computes breakout from **{xwobacon, barrel, hardhit, avg_ev}**. The two sets overlap on `barrel` only. Decide which set you want before tuning weights -- the variant-B numbers above measure the *spec* set, not the *implemented* set.

## Correlation matrix (variant C features)

Pearson correlation. |r| >= 0.7 marked with `**` to flag redundancy.

| | `blended_hr_per_pa` | `batter_handedness` | `pitcher_handedness` | `platoon_advantage` | `park_hr_factor` | `pitcher_hr_per_9` | `pitcher_barrel_pct_allowed` | `barrel_pct_season` | `barrel_pct_30d` | `sweet_spot_pct_season` | `sweet_spot_pct_30d` | `pull_air_pct_season` | `pull_air_pct_30d` | `max_ev_season` | `max_ev_30d` | `xwobacon_season` | `xwobacon_30d` | `hardhit_pct_season` | `hardhit_pct_30d` | `avg_ev_season` | `avg_ev_30d` | `iso_season` | `iso_30d` | `fb_pct_season` | `fb_pct_30d` | `bat_speed_season` | `bat_speed_30d` |
|---:|---:|---:|---:|---:|---:|---:|---:|---:|---:|---:|---:|---:|---:|---:|---:|---:|---:|---:|---:|---:|---:|---:|---:|---:|---:|---:|---:|
| `blended_hr_per_pa` | +1.00 | +0.02 | +0.01 | -0.05 | +0.09 | +0.00 | -0.00 | +0.65 | +0.62 | +0.11 | +0.10 | +0.35 | +0.33 | +0.40 | +0.40 | +0.57 | +0.54 | +0.39 | +0.38 | +0.45 | +0.43 | +0.69 | +0.67 | +0.41 | +0.38 | +0.50 | +0.49 |
| `batter_handedness` | +0.02 | +1.00 | -0.08 | -0.53 | +0.02 | -0.00 | +0.00 | +0.02 | +0.01 | +0.00 | -0.01 | -0.07 | -0.06 | +0.04 | +0.04 | +0.00 | +0.00 | +0.04 | +0.03 | +0.01 | +0.00 | -0.00 | -0.01 | -0.03 | -0.03 | +0.07 | +0.07 |
| `pitcher_handedness` | +0.01 | -0.08 | +1.00 | -0.19 | -0.01 | +0.03 | +0.00 | +0.01 | +0.01 | +0.01 | +0.00 | +0.01 | +0.01 | +0.01 | +0.01 | +0.01 | +0.01 | +0.01 | +0.01 | +0.01 | +0.01 | +0.00 | +0.00 | +0.01 | +0.00 | +0.01 | +0.01 |
| `platoon_advantage` | -0.05 | -0.53 | -0.19 | +1.00 | -0.02 | -0.00 | +0.00 | -0.06 | -0.04 | -0.02 | -0.00 | +0.06 | +0.05 | -0.06 | -0.07 | -0.05 | -0.04 | -0.07 | -0.06 | -0.05 | -0.04 | -0.03 | -0.02 | +0.01 | +0.02 | -0.08 | -0.08 |
| `park_hr_factor` | +0.09 | +0.02 | -0.01 | -0.02 | +1.00 | +0.00 | +0.00 | +0.06 | +0.06 | +0.02 | +0.02 | +0.03 | +0.03 | +0.04 | +0.04 | +0.05 | +0.05 | +0.04 | +0.04 | +0.04 | +0.04 | +0.07 | +0.06 | +0.05 | +0.04 | +0.03 | +0.03 |
| `pitcher_hr_per_9` | +0.00 | -0.00 | +0.03 | -0.00 | +0.00 | +1.00 | +0.43 | -0.00 | -0.00 | -0.01 | -0.01 | +0.00 | +0.00 | -0.01 | -0.01 | -0.00 | -0.01 | -0.00 | -0.01 | -0.01 | -0.01 | -0.01 | -0.00 | +0.00 | +0.00 | -0.00 | -0.00 |
| `pitcher_barrel_pct_allowed` | -0.00 | +0.00 | +0.00 | +0.00 | +0.00 | +0.43 | +1.00 | +0.03 | +0.03 | +0.10 | +0.08 | +0.00 | +0.00 | +0.05 | +0.03 | -0.00 | -0.00 | +0.08 | +0.07 | -0.01 | -0.01 | -0.01 | -0.00 | -0.00 | -0.00 | -0.01 | -0.01 |
| `barrel_pct_season` | +0.65 | +0.02 | +0.01 | -0.06 | +0.06 | -0.00 | +0.03 | +1.00 | **+0.83** | +0.38 | +0.29 | +0.27 | +0.22 | +0.54 | +0.51 | **+0.75** | +0.64 | +0.67 | +0.60 | +0.58 | +0.51 | +0.59 | +0.49 | +0.39 | +0.34 | +0.60 | +0.58 |
| `barrel_pct_30d` | +0.62 | +0.01 | +0.01 | -0.04 | +0.06 | -0.00 | +0.03 | **+0.83** | +1.00 | +0.30 | +0.35 | +0.23 | +0.26 | +0.45 | +0.47 | +0.64 | **+0.74** | +0.54 | +0.59 | +0.48 | +0.51 | +0.50 | +0.62 | +0.33 | +0.39 | +0.48 | +0.47 |
| `sweet_spot_pct_season` | +0.11 | +0.00 | +0.01 | -0.02 | +0.02 | -0.01 | +0.10 | +0.38 | +0.30 | +1.00 | **+0.79** | +0.18 | +0.15 | +0.19 | +0.18 | +0.37 | +0.31 | +0.52 | +0.42 | +0.16 | +0.14 | +0.14 | +0.13 | +0.08 | +0.07 | +0.01 | +0.01 |
| `sweet_spot_pct_30d` | +0.10 | -0.01 | +0.00 | -0.00 | +0.02 | -0.01 | +0.08 | +0.29 | +0.35 | **+0.79** | +1.00 | +0.16 | +0.25 | +0.12 | +0.15 | +0.30 | +0.47 | +0.38 | +0.41 | +0.11 | +0.17 | +0.11 | +0.19 | +0.08 | +0.08 | -0.00 | +0.00 |
| `pull_air_pct_season` | +0.35 | -0.07 | +0.01 | +0.06 | +0.03 | +0.00 | +0.00 | +0.27 | +0.23 | +0.18 | +0.16 | +1.00 | **+0.82** | +0.07 | +0.07 | +0.24 | +0.21 | +0.06 | +0.06 | +0.12 | +0.11 | +0.41 | +0.33 | +0.43 | +0.36 | +0.10 | +0.10 |
| `pull_air_pct_30d` | +0.33 | -0.06 | +0.01 | +0.05 | +0.03 | +0.00 | +0.00 | +0.22 | +0.26 | +0.15 | +0.25 | **+0.82** | +1.00 | +0.06 | +0.09 | +0.21 | +0.29 | +0.06 | +0.10 | +0.10 | +0.15 | +0.34 | +0.38 | +0.36 | +0.36 | +0.07 | +0.08 |
| `max_ev_season` | +0.40 | +0.04 | +0.01 | -0.06 | +0.04 | -0.01 | +0.05 | +0.54 | +0.45 | +0.19 | +0.12 | +0.07 | +0.06 | +1.00 | **+0.85** | +0.50 | +0.42 | +0.65 | +0.55 | +0.57 | +0.49 | +0.38 | +0.30 | +0.10 | +0.08 | **+0.70** | +0.69 |
| `max_ev_30d` | +0.40 | +0.04 | +0.01 | -0.07 | +0.04 | -0.01 | +0.03 | +0.51 | +0.47 | +0.18 | +0.15 | +0.07 | +0.09 | **+0.85** | +1.00 | +0.49 | +0.47 | +0.61 | +0.58 | +0.56 | +0.55 | +0.36 | +0.33 | +0.09 | +0.08 | +0.66 | +0.65 |
| `xwobacon_season` | +0.57 | +0.00 | +0.01 | -0.05 | +0.05 | -0.00 | -0.00 | **+0.75** | +0.64 | +0.37 | +0.30 | +0.24 | +0.21 | +0.50 | +0.49 | +1.00 | **+0.84** | +0.60 | +0.54 | +0.63 | +0.55 | +0.61 | +0.48 | +0.29 | +0.23 | +0.54 | +0.53 |
| `xwobacon_30d` | +0.54 | +0.00 | +0.01 | -0.04 | +0.05 | -0.01 | -0.00 | +0.64 | **+0.74** | +0.31 | +0.47 | +0.21 | +0.29 | +0.42 | +0.47 | **+0.84** | +1.00 | +0.50 | +0.60 | +0.52 | +0.58 | +0.52 | +0.61 | +0.25 | +0.23 | +0.45 | +0.44 |
| `hardhit_pct_season` | +0.39 | +0.04 | +0.01 | -0.07 | +0.04 | -0.00 | +0.08 | +0.67 | +0.54 | +0.52 | +0.38 | +0.06 | +0.06 | +0.65 | +0.61 | +0.60 | +0.50 | +1.00 | **+0.86** | **+0.73** | +0.63 | +0.32 | +0.27 | +0.11 | +0.09 | +0.65 | +0.63 |
| `hardhit_pct_30d` | +0.38 | +0.03 | +0.01 | -0.06 | +0.04 | -0.01 | +0.07 | +0.60 | +0.59 | +0.42 | +0.41 | +0.06 | +0.10 | +0.55 | +0.58 | +0.54 | +0.60 | **+0.86** | +1.00 | +0.64 | **+0.73** | +0.30 | +0.33 | +0.11 | +0.11 | +0.55 | +0.55 |
| `avg_ev_season` | +0.45 | +0.01 | +0.01 | -0.05 | +0.04 | -0.01 | -0.01 | +0.58 | +0.48 | +0.16 | +0.11 | +0.12 | +0.10 | +0.57 | +0.56 | +0.63 | +0.52 | **+0.73** | +0.64 | +1.00 | **+0.87** | +0.44 | +0.35 | +0.22 | +0.18 | +0.65 | +0.63 |
| `avg_ev_30d` | +0.43 | +0.00 | +0.01 | -0.04 | +0.04 | -0.01 | -0.01 | +0.51 | +0.51 | +0.14 | +0.17 | +0.11 | +0.15 | +0.49 | +0.55 | +0.55 | +0.58 | +0.63 | **+0.73** | **+0.87** | +1.00 | +0.40 | +0.40 | +0.20 | +0.21 | +0.56 | +0.57 |
| `iso_season` | +0.69 | -0.00 | +0.00 | -0.03 | +0.07 | -0.01 | -0.01 | +0.59 | +0.50 | +0.14 | +0.11 | +0.41 | +0.34 | +0.38 | +0.36 | +0.61 | +0.52 | +0.32 | +0.30 | +0.44 | +0.40 | +1.00 | **+0.80** | +0.42 | +0.35 | +0.47 | +0.46 |
| `iso_30d` | +0.67 | -0.01 | +0.00 | -0.02 | +0.06 | -0.00 | -0.00 | +0.49 | +0.62 | +0.13 | +0.19 | +0.33 | +0.38 | +0.30 | +0.33 | +0.48 | +0.61 | +0.27 | +0.33 | +0.35 | +0.40 | **+0.80** | +1.00 | +0.34 | +0.38 | +0.34 | +0.34 |
| `fb_pct_season` | +0.41 | -0.03 | +0.01 | +0.01 | +0.05 | +0.00 | -0.00 | +0.39 | +0.33 | +0.08 | +0.08 | +0.43 | +0.36 | +0.10 | +0.09 | +0.29 | +0.25 | +0.11 | +0.11 | +0.22 | +0.20 | +0.42 | +0.34 | +1.00 | **+0.82** | +0.17 | +0.16 |
| `fb_pct_30d` | +0.38 | -0.03 | +0.00 | +0.02 | +0.04 | +0.00 | -0.00 | +0.34 | +0.39 | +0.07 | +0.08 | +0.36 | +0.36 | +0.08 | +0.08 | +0.23 | +0.23 | +0.09 | +0.11 | +0.18 | +0.21 | +0.35 | +0.38 | **+0.82** | +1.00 | +0.12 | +0.13 |
| `bat_speed_season` | +0.50 | +0.07 | +0.01 | -0.08 | +0.03 | -0.00 | -0.01 | +0.60 | +0.48 | +0.01 | -0.00 | +0.10 | +0.07 | **+0.70** | +0.66 | +0.54 | +0.45 | +0.65 | +0.55 | +0.65 | +0.56 | +0.47 | +0.34 | +0.17 | +0.12 | +1.00 | **+0.97** |
| `bat_speed_30d` | +0.49 | +0.07 | +0.01 | -0.08 | +0.03 | -0.00 | -0.01 | +0.58 | +0.47 | +0.01 | +0.00 | +0.10 | +0.08 | +0.69 | +0.65 | +0.53 | +0.44 | +0.63 | +0.55 | +0.63 | +0.57 | +0.46 | +0.34 | +0.16 | +0.13 | **+0.97** | +1.00 |
